50
5 0 67 10
5 0 67 18
5 0 67 26
5 0 67 34
5 0 67 42
5 0 67 50
5 0 67 58
5 0 67 66
5 0 67 74
5 0 67 82
4 0 62 10
4 0 62 18
4 0 62 26
4 0 62 34
4 0 62 42
4 0 62 50
4 0 62 58
4 0 62 66
4 0 62 74
4 0 62 82
4 0 57 10
4 0 57 18
4 0 57 26
4 0 57 34
4 0 57 42
4 0 57 50
4 0 57 58
4 0 57 66
4 0 57 74
4 0 57 82
3 0 52 10
3 0 52 18
3 0 52 26
3 0 52 34
3 0 52 42
3 0 52 50
3 0 52 58
3 0 52 66
3 0 52 74
3 0 52 82
2 0 47 10
2 0 47 18
2 0 47 26
2 0 47 34
2 0 47 42
2 0 47 50
2 0 47 58
2 0 47 66
2 0 47 74
2 0 47 82

