50
5 0 67 10
5 0 67 18
5 0 67 26
5 0 67 34
5 0 67 42
5 0 67 50
5 0 67 58
5 0 67 66
5 0 67 74
5 0 67 82
5 0 62 10
5 0 62 18
5 0 62 26
5 0 62 34
5 0 62 42
5 0 62 50
5 0 62 58
5 0 62 66
5 0 62 74
5 0 62 82
5 0 57 10
5 0 57 18
5 0 57 26
5 0 57 34
5 0 57 42
5 0 57 50
5 0 57 58
5 0 57 66
5 0 57 74
5 0 57 82
5 0 52 10
5 0 52 18
5 0 52 26
5 0 52 34
5 0 52 42
5 0 52 50
5 0 52 58
5 0 52 66
5 0 52 74
5 0 52 82
5 0 47 10
5 0 47 18
5 0 47 26
5 0 47 34
5 0 47 42
5 0 47 50
5 0 47 58
5 0 47 66
5 0 47 74
5 0 47 82

