50
2 0 67 10
2 0 67 18
2 0 67 26
2 0 67 34
2 0 67 42
2 0 67 50
2 0 67 58
2 0 67 66
2 0 67 74
2 0 67 82
2 0 62 10
2 0 62 18
2 0 62 26
2 0 62 34
2 0 62 42
2 0 62 50
2 0 62 58
2 0 62 66
2 0 62 74
2 0 62 82
2 0 57 10
2 0 57 18
2 0 57 26
2 0 57 34
2 0 57 42
2 0 57 50
2 0 57 58
2 0 57 66
2 0 57 74
2 0 57 82
2 0 52 10
2 0 52 18
2 0 52 26
2 0 52 34
2 0 52 42
2 0 52 50
2 0 52 58
2 0 52 66
2 0 52 74
2 0 52 82
2 0 47 10
2 0 47 18
2 0 47 26
2 0 47 34
2 0 47 42
2 0 47 50
2 0 47 58
2 0 47 66
2 0 47 74
2 0 47 82

